0, 0, 10
       222,   0.000306,   0.000031
time = 0.000167

0, 0, 100
     18830,   0.001000,   0.000101
time = 0.080301

0, 0, 1000
     50000,  22.291358,   2.256182
time = 1.856201

0, 0, 100000
     50000, 315.430455,  28.866936
time = 156.176378

0, 1, 10
       112,   0.000306,   0.000030
time = 0.000064

0, 1, 100
      9416,   0.001000,   0.000101
time = 0.034974

0, 1, 1000
     50000,  17.407480,   1.763704
time = 1.789793

0, 1, 100000
     50000, 315.098957,  28.866214
time = 144.807267

3, 0, 10
       222,   0.000306,   0.000031
time = 0.000017

3, 0, 100
     18830,   0.001000,   0.000101
time = 0.004162

3, 0, 1000
     50000,  22.291358,   2.256182
time = 0.095236

3, 0, 100000
     50000, 315.430455,  28.866936
time = 11.420759

3, 1, 10
       112,   0.000306,   0.000030
time = 0.000008

3, 1, 100
      9416,   0.001000,   0.000101
time = 0.003226

3, 1, 1000
     50000,  17.407480,   1.763704
time = 0.179264

3, 1, 100000
     50000, 315.098957,  28.866214
time = 17.974505

